30
6
[0,0,0]
[0,0,0]
[0,0,0]
[0,0,0]
[0,0,0]
[0,0,0]
[0,0,0]
[0,0,0]
[0,0,0]
[0,0,0]
[0,0,0]
[0,0,0]
[0,0,0]
[0,0,0]
[0,0,0]
[0,0,0]
[0,0,0]
[0,0,0]
[0,0,0]
[0,0,0]
[0,0,0]
[0,0,0]
[0,0,0]
[0,0,0]
[0,0,0]
[0,0,0]
[0,0,0]
[0,0,0]
[0,0,0]
[0,0,0]
[0,0,0]
[0,0,0]
[01,0,0]
[011,0,0]
[013,0,0]
[014,0,0]
[016,0,0]
[017,0,0]
[018,0,0]
[019,0,0]
[020,0,0]
[021,0,0]
[022,0,0]
[023,0,0]
[024,0,0]
[025,0,0]
[026,0,0]
[027,0,0]
[028,0,0]
[029,0,0]
[030,0,0]
[031,0,0]
[032,0,0]
[033,0,0]
[034,0,0]
[035,0,0]
[035,0,0]
[035,0,0]
[035,0,0]
[035,0,0]
[035,0,0]
[035,0,0]
[035,0,0]
[035,0,0]
 
